  1.32479 -0.699198 -0.191062   1.12443   4.32063
 0.614411  0.158345 -0.560677  0.771487   2.55808
  1.36559    1.3498 -0.247946  0.906454   3.83194
 0.744371    1.1747 0.0418369  0.562953    2.4513
 -1.19231   1.50568 -0.212698 -0.116422   3.25345
 -1.11237  0.356819  0.605064 -0.568187   2.96276
  -0.91097   0.929627   0.894651 -0.0507113    2.85997
 0.209892   1.39822  0.703009 -0.221488   2.45813
-0.0583205     1.2672   0.708626  -0.215691    2.25858
  1.21702 -0.293431   0.23374 0.0511476   3.06658
-0.287107  0.715827  -0.25475 -0.111334   1.31022
-0.591726   1.20263 -0.764529 -0.576534   2.79095
-0.176147  0.356432 -0.196485  0.349293   1.34287
-0.507272  0.306624 -0.347056 0.0254072   1.61426
-0.0851238   0.903269   0.205518   0.120688    1.20899
-0.523189   1.14767 -0.698922 0.0906383   2.33492
 0.337332   0.65494 -0.340608  0.906272   2.29834
 0.900414  0.340165 -0.359965  0.952783   2.91249
 0.275008   1.17082  0.354533 -0.388976    1.9307
-0.498002   1.39232 0.0902433 -0.478153    2.3559
0.200906 0.634197 0.208675 0.262879  1.28069
 -0.66962  0.578999 -0.137528 0.0322299   1.69991
 0.422264  0.753976 -0.472439  0.457008   1.90482
0.304291    1.228   1.3169  0.42217  3.30854
-0.514523  0.256946  0.275218  0.297303   1.69394
 -0.221586 -0.0464675  -0.835876  -0.319593    2.31773
 0.162528  0.297993 -0.460565 -0.236652   1.50647
-0.181742   0.65436  0.213453   1.39087    3.0228
-0.252973  0.354221  0.265424  0.940941   2.26887
 0.228502  0.190934 -0.428476  0.611156   1.92783
   -0.176802    -0.564995 -9.71042e-05    -0.191768      2.20888
 -0.788051    0.91127   0.225277 -0.0517249    2.05276
 0.169202  0.283759 -0.815888 0.0938754   1.98801
 1.01477  0.21983   0.2629 0.476642  2.56329
 0.294256   1.14674  0.514396 0.0894942   1.91094
 -0.880846   0.455527  -0.018178 -0.0777723    2.03349
 -0.154568 -0.0673292  -0.268778 -0.0488407    1.43354
 -0.307386   0.842597  -0.365409 -0.0866553    1.48255
 0.105736 -0.347938  0.288517  0.271519   1.94671
-0.53155  0.10785 0.486561 -0.38815  2.03631
-0.296181 -0.623067 -0.614078 -0.841601    3.2008
-0.300256 -0.677815  -0.11971 -0.341586   2.56746
 -0.271018 -0.0660902     1.0133  -0.646861    2.86359
 0.492011   0.52645  0.663961 -0.363109   2.06427
0.000619787     1.25519    0.184175   -0.615162      2.1009
0.205808  1.19267  1.13133 0.201556  2.85215
 0.180579  0.836104  0.201194 -0.916628   2.23941
0.0628395  0.850017   1.17575 -0.482283   2.81137
-0.261345   1.09375  0.656916 -0.105091   2.02747
-0.719889  0.987428  0.575271 -0.280938     2.343
 0.275069   1.25799 -0.103554  -1.15464   2.95174
-0.266854  0.738633  0.307493  0.311637   1.47464
-0.795076  0.494419 -0.609766  0.157362   2.26163
-0.121403  0.825645   1.32695 -0.156038   2.92819
  0.915693   0.625716 0.00439614  -0.420654    2.26113
  1.39739  0.435418 -0.147463  0.903799   3.49006
 0.309954  0.389569 0.0379751  0.760808    1.9342
 0.298823   1.06427  0.461012 -0.138848   1.77602
-0.446087  0.525923 -0.320993  0.417855   1.70537
-0.737567  0.911086 0.0592332 -0.761959   2.46518
 0.381247   1.02032  -0.50876 -0.352717   1.98018
 0.0282522   0.496078   0.784689 -0.0842179    1.86937
-0.0925063  0.0604615   0.330217   0.673402    1.96384
-0.884183 -0.082788 -0.561971   1.09971   3.38643
-0.786399 -0.315582 -0.729534 0.0148232   2.81577
-0.0405521  -0.154734  -0.599741  -0.420523     2.1178
0.0705717  -0.30614  0.614946 -0.236002   2.19429
 -0.265094   0.760504 -0.0937685  0.0836273    1.19383
  0.14685  0.428862  0.479608 -0.506515   1.74533
   0.30429   0.518552 -0.0224045  -0.747005     1.8988
-0.519424  0.772944  0.291991 -0.106523   1.62826
-0.0148999   0.568519  -0.194168   0.639967    1.67392
 0.315211   0.23939 0.0847114  0.538259   1.66078
 0.484133 -0.491605  0.435354  -1.71797   4.26833
 0.371674 0.0759216   1.15996  -1.06622   3.48455
-0.330339  0.424003   1.25794 -0.541989   2.99361
 0.367856  0.932784   0.37585 -0.553937   1.97239
-0.660101 0.0588924  -0.18617 -0.335718   1.97781
-0.0660456    1.91117   0.509987  0.0586136    3.02793
0.0392617   1.31504  -0.41976 -0.555523   2.25376
 0.222037 0.0840478  0.327409 -0.326399   1.56947
 0.136742 -0.358723  0.245263 -0.414192   2.06364
 0.208024  0.104931 -0.556675 -0.287754   1.78082
  0.70806  0.607355 -0.706581 -0.417941   2.39566
 0.995213  0.511905 -0.410176 -0.680183   2.73603
  0.21591  0.411868  0.275946 -0.819141   2.04907
0.465829 0.295495 0.289726  1.04236  2.58691
-0.473516  -0.08896 0.0507385 -0.164215   1.71137
0.333297 0.199858  0.58922 -1.06198  2.76723
-0.240305   0.14527 -0.653959 -0.342846   1.94475
-0.371679   0.65175  0.241451 -0.381992   1.55678
-0.0981814   0.647703   0.390261   0.191469    1.35429
  1.11297  0.588707   0.17122 0.0918444   2.47631
 0.746549  0.484434 -0.790459  0.323289   2.47942
  0.500036 -0.0811552  -0.891145  -0.451639    2.67484
 0.281878 -0.129414 -0.343391  0.231021   1.75264
-0.217961    1.0747   0.20234  0.357529   1.64202
  1.08146  0.366391  0.436361 -0.841542   3.05555
 0.567015 0.0299239 0.0409379 -0.244331   1.77012
-0.146831 -0.456659  0.660965   0.50269   2.64214
 -0.15974   1.01987   0.24489 -0.145639   1.39816
